20 380
20 2
17 13
6 7
14 3
1 15
18 14
14 7
16 4
16 19
3 16
6 18
1 4
12 9
9 18
12 5
19 20
20 12
14 9
7 16
2 4
17 6
2 15
11 6
19 8
10 8
17 3
6 15
13 9
2 20
9 11
19 13
20 13
18 10
1 8
17 19
12 11
6 1
20 9
17 2
13 5
1 6
1 2
12 18
3 5
1 13
17 5
8 9
5 19
2 8
6 8
6 9
17 16
3 17
1 16
3 2
1 11
18 7
4 10
14 4
11 20
19 18
20 8
10 1
4 19
14 15
15 3
1 10
15 14
16 9
2 19
12 6
11 1
8 10
9 16
17 10
1 1
13 20
1 9
4 5
15 17
16 13
13 15
16 3
3 15
10 6
3 12
20 19
19 4
2 10
2 7
8 18
2 1
6 16
10 15
20 3
8 15
2 6
5 9
2 18
10 18
15 9
17 8
16 2
14 20
5 13
16 1
15 5
14 14
20 17
14 1
4 9
19 19
11 7
13 17
19 16
12 10
12 4
18 15
9 12
9 19
1 3
15 19
19 11
9 6
17 12
11 12
11 9
6 11
17 20
12 8
8 11
19 9
20 18
7 20
18 6
12 12
12 3
8 14
7 18
14 12
10 4
4 2
11 14
7 12
18 5
10 14
14 17
1 20
10 2
10 13
17 15
3 14
14 8
13 4
16 8
20 14
16 14
7 19
10 20
15 11
19 10
7 9
16 6
6 13
20 15
19 2
10 12
12 2
18 12
6 19
5 7
17 17
13 3
8 19
12 16
5 14
14 18
11 3
19 15
19 1
4 13
7 1
7 6
8 4
17 1
6 10
18 1
9 2
19 6
11 13
13 18
7 11
19 3
14 2
12 19
18 16
2 9
11 10
15 7
4 17
18 8
4 6
18 13
19 5
6 3
14 13
15 12
1 18
16 5
10 7
17 14
8 16
14 16
4 11
11 8
1 7
4 1
18 9
7 5
8 13
15 8
5 3
4 8
2 16
7 7
19 17
3 9
7 13
17 11
13 1
4 3
9 4
11 5
18 2
20 10
10 17
6 4
4 12
9 13
1 5
11 16
9 14
11 15
11 19
5 16
9 8
16 15
20 6
11 18
10 19
7 3
18 17
18 11
10 10
18 20
1 12
20 11
9 7
3 19
13 11
10 16
3 18
12 15
10 5
15 4
5 12
2 17
4 14
9 5
13 7
13 16
19 14
4 7
13 13
12 20
3 6
2 2
19 7
9 15
8 20
15 6
5 1
2 12
15 13
5 4
11 2
12 7
18 4
20 1
11 17
17 18
15 2
9 9
5 10
9 3
13 6
20 5
8 6
14 11
8 12
8 1
18 18
2 14
1 17
15 15
13 2
8 3
2 11
6 5
7 2
3 4
2 5
11 4
9 1
5 5
1 14
4 4
3 1
16 17
6 17
3 3
13 14
12 17
13 19
16 11
13 8
16 18
15 18
17 9
16 20
6 12
16 10
15 10
15 16
9 17
6 6
4 20
7 4
14 10
7 17
3 13
20 4
18 3
17 7
7 10
20 7
2 13
16 16
17 4
3 11
5 6
9 20
13 10
10 9
6 14
1 19
8 5
19 12
5 11
10 3
5 8
5 2
15 1
12 13
7 8
14 19
10 11
14 5
18 19
3 8
13 12
6 2
3 20
8 7
12 1
7 14
4 18
7 15
8 8
2 3